86331
225886
9879
50546
337167
249397
80295
122081
22705
73861
387824
418827
18238
87818
370663
507076
9453
5336
67308
50270
20850
10068
9769
9323
19173
13461
11954
10802
73134
8675
11012
7090
5689
27066
26973
14695
582186
52462
390845
11033
5680
11013
302
4255
267
48650
310593
281007
59457
26325
19556
277355
9296
12225
9517
1412
9589
82023
11968
44741
28138
14013
802
9557
273153
8054
387837
9844
793
1630
47406
59507
385317
353979
14174
26648
10246
14035
71668
19344
451955
263132
464842
318256
649
24402
570541
9262
26338
18113
52212
13973
64586
10867
13078
28209
291860
21500
9431
1631
8327
440249
49292
13552
61952
165108
276844
16070
34697
18215
62489
22244
9293
9729
9045
94354
368182
2360
5722
84308
412520
107008
52208
12519
59866
9179
323372
2003
47519
532030
4561
23943
613868
85621
451156
212231
37265
109520
73454
72768
26877
32516
27475
78383
5725